.Random.seed <-
c(403L, 296L, 1021877576L, -1910687373L, -148248520L, 12069583L, 
1753102949L, -623125202L, -1058847803L, -519110606L, 1957833790L, 
-1444912423L, 677214246L, 765751809L, -2029450353L, 1381726096L, 
-587750809L, 1907516368L, 59691916L, 1452398391L, 817584764L, 
-258197365L, -2007477719L, -1909602110L, -480440727L, -1947114314L, 
-847812790L, 1547841221L, -434676574L, 714002181L, 579202779L, 
-927553924L, -1324187005L, 1161364716L, -2035912240L, -120941269L, 
726845584L, 872561495L, -1863022419L, 1926047014L, 1548223501L, 
2064395834L, -984531050L, -1442375311L, -380484674L, -1759691655L, 
-1460822569L, -1059730344L, 1327612639L, 2076021768L, -780815388L, 
-746879649L, -1344417308L, 1504443459L, 1852398401L, 1946464490L, 
1144713153L, -678223026L, -1425610350L, 132905113L, 1665766252L, 
1338764526L, -1476543320L, 828988858L, -1175578429L, 878471153L, 
1183577061L, 612498787L, 200041562L, 1853874000L, 205152298L, 
693459796L, 1107952609L, -1004396157L, 1464157743L, 614820613L, 
-978818648L, 1721647690L, -332675140L, -1484851722L, 810346295L, 
-1485770931L, 1200439689L, -2008437441L, -219345946L, -1089893252L, 
-1660221058L, -1757069728L, 1179107989L, 314213327L, -1596748157L, 
-816996143L, 1857366212L, -1299536186L, -546929344L, -178706670L, 
-1912090389L, -1501353111L, -763362483L, -1506261685L, -15183262L, 
-1713613064L, -1540409838L, 1340839276L, -1803630119L, 1680653147L, 
1555001463L, 1446830749L, -234601792L, -1731861054L, -1899941132L, 
-1059438290L, 329044671L, -660542491L, -893232399L, -1840885977L, 
-1883385234L, -1785803036L, -1715368890L, 1292203928L, -1409011283L, 
1594062151L, 944568747L, -1423376503L, 51613980L, -63423298L, 
119666232L, 367684202L, -1636104941L, -1116395167L, -367511915L, 
-946795181L, -1005492310L, -861921920L, -1555186662L, -677183260L, 
1161018161L, 1664134483L, -787523393L, 1424481557L, -897538120L, 
559510106L, -1635803124L, 1498953830L, 1359177991L, 1392348093L, 
1394411993L, -1943478897L, 777770646L, -1773103956L, 1351733166L, 
1813060240L, -41484379L, 1262434815L, -1538541357L, 27395585L, 
-366446540L, -2106207466L, 446803216L, -847278782L, 2127964539L, 
643212057L, 213705277L, 687316731L, -675920334L, -1803968088L, 
83901698L, -90237572L, -1094575831L, -1649193749L, 1047418375L, 
1719540781L, 1037788688L, 705750802L, -2031718140L, 1145768222L, 
-1009249713L, -1370010603L, 1536443713L, -175533961L, -283717922L, 
-1223689900L, 1732636854L, 396304008L, 1306884925L, 1829508791L, 
-1198070853L, -1901251015L, -1558804724L, -107886706L, 276103112L, 
1681131418L, -882268829L, 1825474513L, 201977349L, 907710275L, 
1366164986L, 858070000L, -1693693046L, -1518377932L, -1662141631L, 
-540770141L, 1476106383L, 1574585189L, 1697068296L, -499750614L, 
-876749284L, -803465322L, -951444713L, 1550960621L, 1485057641L, 
881928031L, 2131809542L, -1380752804L, -1265643042L, 693969472L, 
1816222133L, 983180655L, 1818598563L, -1525690511L, -697847196L, 
1213598502L, -211224224L, -2073954638L, 1489980811L, 1365084361L, 
-1802452243L, 1021634155L, 2079621058L, 1026225624L, -1162001870L, 
-1819010356L, 171474745L, 1203416955L, -2102428137L, -1896178051L, 
-1312596832L, 1173827874L, -2012561900L, 1603229390L, 1629701343L, 
-2063328827L, 1623119825L, -928114553L, 829847630L, 464074692L, 
946436774L, 1660851064L, -70666227L, -434215193L, -2124530229L, 
-105971287L, -618246852L, -2025794594L, 354244312L, -980941494L, 
713239603L, 1978380225L, -659528395L, -603917261L, 1991550026L, 
-991061984L, -189118982L, 968579140L, 515851281L, -182424973L, 
925041695L, 1505999349L, 2090031896L, -1724549190L, -485590164L, 
-583889530L, -1090216345L, -1938158755L, -1409665735L, 536089007L, 
72729142L, -764372340L, -1630612082L, -1884484624L, 1786677189L, 
526545311L, 1601475443L, 1323710625L, -869511340L, -708567306L, 
1082889412L, 1596863012L, 1759121304L, -1681076862L, 1168417523L, 
-928103853L, 2004572439L, 938603669L, 345039618L, 885211726L, 
941563526L, 783790964L, 1629044909L, 1351144185L, -225837999L, 
426392819L, 1110007976L, -122972704L, 1126191604L, -1578336970L, 
-1933169321L, 1773287863L, -1831383149L, 1073882913L, -918826578L, 
-1796887870L, -2026276230L, -1744885680L, -1299340151L, 104467861L, 
1563904869L, -992959241L, -740528980L, 2067892652L, -795737776L, 
-849956038L, -1724332581L, -160379813L, -1201680529L, -939743427L, 
-433211782L, -843204042L, -207904034L, -233943636L, 1363616757L, 
-101751071L, 629201145L, 1347958171L, 8103200L, -1043756840L, 
-263362020L, -5025826L, -1865232113L, 656968175L, -1142993221L, 
-330780391L, -1901214826L, -120705254L, -1171938174L, -1819166536L, 
39040865L, -1356463635L, 680897469L, 1983087855L, -309242860L, 
314906036L, -1384933240L, 300643570L, 775722051L, -410315293L, 
-1431639801L, -1764121659L, -1456243310L, -247697954L, -1563844362L, 
-1236726652L, -1083654435L, 879154185L, 993746497L, -980852573L, 
1509537688L, -1512267824L, 896494788L, -382046266L, 876850087L, 
1480447719L, 766377123L, 1256513809L, -1448935522L, 702158354L, 
-1163403542L, 290520608L, 96099033L, -1394804891L, 106364917L, 
-1465582777L, 41210140L, -793405220L, -1835197536L, 28068554L, 
-538935733L, 648011915L, 1824004607L, 1232777293L, 1542337258L, 
-2001356378L, -1996602706L, 1560981660L, -653428603L, -656252847L, 
-1722372663L, 744828203L, 1800573872L, 1507015656L, 621740108L, 
-414054514L, 1927217535L, -1200897921L, -1132718933L, 713452201L, 
-1963375386L, -1969393270L, -1951680366L, 2121057000L, 127147281L, 
1563705885L, 237334765L, -751881825L, -2066848028L, -913063932L, 
-1765215240L, 535646050L, 73140243L, -130486349L, 1173197495L, 
1540980021L, 1901904034L, 1627560046L, 1168060710L, -188344556L, 
-1869785203L, -865871911L, -437704911L, 134630931L, 1710315016L, 
1650976448L, -139915180L, -46372394L, -201417801L, -483752553L, 
949353971L, 1498416321L, 988537614L, 1660350114L, -1902197286L, 
-779508560L, 2022748137L, 1493207285L, 799252805L, 1200428375L, 
-1644110836L, -148006196L, 1484668592L, -1576788262L, -1682103429L, 
274948795L, 542701327L, -1827228835L, 1473173914L, 2139621932L, 
1212334813L, 693095058L, 280041655L, 19162198L, 605393213L, 1511299302L, 
496154513L, -810999448L, 441100021L, 984807910L, -825899249L, 
637724298L, -282887327L, -445572170L, 492117801L, 1834547900L, 
1779389261L, -203171830L, -52612353L, -553380746L, -870326419L, 
656257798L, 329680353L, -1974187448L, -2146140611L, -204232386L, 
144432639L, 451629418L, 2136979073L, 1268063454L, 1807472513L, 
1855163740L, -174039747L, 1952546642L, -797914329L, 573577750L, 
-780033379L, -815335962L, -1191800335L, 2020244664L, -1204835147L, 
561802182L, 692389231L, -1346625014L, -462895343L, 1383242342L, 
-1553308887L, 1753519580L, -1331783683L, 1489846506L, 1664217167L, 
1106264294L, 349837661L, -7666634L, -1375953167L, -330396312L, 
-237805987L, -1120951318L, -1738719703L, 1490074041L, -658537318L, 
-1175044352L, 1884612457L, 613426953L, 555275680L, -1593756782L, 
-284563963L, 1475997785L, 1179317538L, -1810297716L, -1870962043L, 
-649559735L, 551944532L, -1359609910L, 784445777L, 2020262257L, 
-1224968414L, 834431424L, -553634007L, -2053605039L, 94221048L, 
715516914L, 606137781L, -1350949615L, -406787190L, 276232116L, 
-1502910771L, 893913505L, -939422556L, 1722809434L, -1347088983L, 
-1172140327L, -1764097718L, 1650586016L, 2020697401L, -1723971511L, 
-1163441968L, 39790658L, 319643429L, -1135468791L, -172171790L, 
-668385348L, 1495020373L, 1637851497L, 223598500L, -535097126L, 
810980385L, -1332596447L, -959037310L, 1801064416L, -242770375L, 
-82858847L, -1618299848L, 698010722L, 1096959253L, -1292365903L, 
-981015670L, -316375692L, 1712697965L, 1449206929L, 1763770836L, 
495544202L, -254494711L, -596931719L, 1755237850L, -1905660128L, 
1603842921L, -1681831159L, -1082086816L, 1514063058L, 857441221L, 
-889257415L, -547843422L, 2099390732L, -1911126779L, 1646009641L, 
-1120932716L, -756399926L, 345564977L, 415658993L, -633012158L, 
-240089952L, -1642317271L, 1977587761L, 586424312L, 977490002L, 
